4.893739160630293128
4.928906121337167434
4.964325795783939732
4.999999999999999112
5.035930563064934695
5.072119327202304184
5.108568147874088972
5.145278893875830484
5.182253447432449533
5.219493704294739800
5.257001573836578956
5.294778979152820142
5.332827857157889540
5.371150158685100706
5.409747848586676788
5.448622905834485053
5.487777323621512160
5.527213109464055307
5.566932285304642569
5.606936887615715293
5.647228967504034358
5.687810590815841394
5.728683838242784709
5.769850805428597518
5.811313603076541767
5.853074357057633570
5.895135208519638681
5.937498313996846022
5.980165845520649448
6.023139990730900450
6.066422952988078876
6.110016951486262116
6.153924221366902536
6.198147013833434471
6.242687596266692118
6.287548252341162325
6.332731282142076701
6.378239002283336845
6.424073746026291332
6.470237863399371570
6.516733721318573203
6.563563703708818586
6.610730211626186126
6.658235663381008251
6.706082494661870896
6.754273158660494047
6.802810126197504914
6.851695885849129475
6.900932944074782860
6.950523825345577222
7.000471072273760420
7.050777245743079291
7.101444925040076406
7.152476707986340720
7.203875211071698814
7.255643069588366245
7.307782937766067910
7.360297488908122077
7.413189415528504078
7.466461429489894108
7.520116262142734875
7.574156664465246713
7.628585407204502289
7.683405281018465871
7.738619096619085980
7.794229684916401446
7.850239897163699965
7.906652605103680287
7.963470701115725525
8.020697098364168554
8.078334730947673847
8.136386554049666486
8.194855544089863386
8.253744698876852581
8.313057037761829804
8.372795601793372455
8.432963453873385973
8.493563678914121340
8.554599383996377426
8.616073698528763813
8.677989774408189305
8.740350786181439346
8.803159931207952482
8.866420429823746119
8.930135525506551986
8.994308485042076029
9.058942598691535508
9.124041180360320524
9.189607567767923868
9.255645122619061027
9.322157230776049630
9.389147302432375497
9.456618772287580299
9.524575099723328719
9.593019768980795448
9.661956289339300952
9.731388195296254651
9.801319046748348640
9.871752429174096122
9.942691953817671902
10.014141257874049629
10.086104004675490842
10.158583883879391152
10.231584611657426720
10.305109930886100500
10.379163611338661610
10.453749449878362299
10.528871270653143100
10.604532925291698220
10.680738293100976222
10.757491281265041394
10.834795825045441475
10.912655887982943170
10.991075462100766913
11.070058568109260477
11.149609255612059400
11.229731603313688026
11.310429719228721979
11.391707740892378808
11.473569835572671849
11.556020200484065086
11.639063063002700105
11.722702680883093862
11.806943342476488468
11.891789366950686002
11.977245104511517582
12.063314936625884499
12.150003276246410522
12.237314568037675144
12.325253288604145041
12.413823946719647395
12.503031083558573400
12.592879272928700018
12.683373121505720604
12.774517269069392000
12.866316388741475762
12.958775187225295866
13.051898405047083429
13.145690816799016076
13.240157231384046099
13.335302492262425034
13.431131477700073873
13.527649101018663913
13.624860310847560996
13.722770091377528345
13.821383462616301685
13.920705480645937158
14.020741237882088370
14.121495863335063348
14.222974522872824821
14.325182419485837926
14.428124793553843475
14.531806923114549690
14.636234124134240631
14.741411750780317291
14.847345195695838882
14.954039890276005664
15.061501304946625979
15.169734949444622529
15.278746373100501543
15.388541165122871845
15.499124954885036942
15.610503412213603269
15.722682247679186318
15.835667212889218192
15.949464100782831721
16.064078745927854897
16.179517024819990212
16.295784856184091893
16.412888201277635147
16.530833064196382765
16.649625492182192232
16.769271575933075269
16.889777449915499119
17.011149292678886980
17.133393327172409926
17.256515821064066785
17.380523087062030640
17.505421483238286839
17.631217413354644208
17.757917327191073298
17.885527720876378766
18.014055137221305358
18.143506166053931850
18.273887444557622928
18.405205657611272585
18.537467538132055722
18.670679867420663101
18.804849475508984114
18.939983241510258694
19.076088093971844017
19.213171011230393503
19.351239021769679027
19.490299204580939119
19.630358689525877480
19.771424657702134198
19.913504341811577802
20.056605026531048708
20.200734048885905736
20.345898798626198101
20.492106718605569426
20.639365305162815645
20.787682108506299272
20.937064733101006908
21.087520838058477324
21.239058137529472248
21.391684401099546164
21.545407454187319729
21.700235178445808515
21.856175512166426955
22.013236450686072487
22.171426046797019893
22.330752411159814130
22.491223712719136785
22.652848179122628380
22.815634097142709180
22.979589813101487294
23.144723733298693702
23.311044324442647735
23.478560114084420007
23.647279691055022255
23.817211705905751984
23.988364871351752328
24.160747962718716053
24.334369818392804774
24.509239340273843766
24.685365494231714223
24.862757310566014013
25.041423884469114824
25.221374376492459390
25.402618013016237342
25.585164086722461008
25.769021957071409190
25.954201050781467330
26.140710862312495522
26.328560954352614232
26.517760958308482344
26.708320574799152780
26.900249574153427545
27.093557796910758384
27.288255154325838703
27.484351628876755314
27.681857274776795919
27.880782218489969182
28.081136659250216070
28.282930869584273381
28.486175195838441709
28.690880058709023359
28.897055953776604298
29.104713452044240540
29.313863200479342908
29.524515922559693593
29.736682418823146890
29.950373567421451071
30.165600324677964039
30.382373725649468810
30.600704884691840135
30.820604996030027678
31.042085334331897428
31.265157255286368354
31.489832196185602697
31.716121676511466632
31.944037298526072988
32.173590747866747108
32.404793794145085428
32.637658291550444289
32.872196179457709775
33.108419483039504883
33.346340313882635087
33.585970870609195060
33.827323439501903124
34.070410395134111070
34.315244201004226454
34.561837410174803153
34.810202665916058606
35.060352702354244059
35.312300345124420176
35.566058512028114080
35.821640213695644661
36.079058554253158775
36.338326731994570196
36.599458040058216568
36.862465867108376472
37.127363698021817129
37.394165114579138276
37.662883796161118255
37.933533520450183119
38.206128164136671899
38.480681703630381207
38.757208215777190219
39.035721878580766031
39.316236971929498623
39.598767878328644088
39.883329083637860890
40.169935177813712812
40.458600855657884665
40.749340917570549436
41.042170270309220825
41.337103927753027222
41.634157011672620285
41.933344752505298914
42.234682490136023603
42.538185674683901993
42.843869867294344544
43.151750740936861916
43.461844081208795387
43.774165787144454498
44.088731872030450631
44.405558464226665194
44.724661807993193463
45.046058264323164622
45.369764311781779043
45.695796547350937544
46.024171687280357901
46.354906567944617279
46.688018146706376399
47.023523502785764094
47.361439838136234926
47.701784478326310079
48.044574873428011585
48.389828598911570623
48.737563356546502291
49.087796975309203162
49.440547412297235041
49.795832753649740710
50.153671215474950884
50.514081144784100275
50.877081020432093794
51.242689454064958454
51.610925191074208840
51.981807111557728263
52.355354231287968503
52.731585702686849970
53.110520815807745976
53.492178999324501376
53.876579821527727177
54.263742991327823972
54.653688359265707675
55.046435918530505660
55.442005805984656774
55.840418303196308614
56.241693837479395768
56.645852982940681386
57.052916461534813664
57.462905144126764867
57.875840051561866062
58.291742355743579651
58.710633380719201568
59.132534603772860748
59.557467656526938526
59.985454326051097951
60.416516555979306702
60.850676447634931776
61.287956261164090677
61.728378416676662255
62.171965495395994594
62.618740240816670450
63.068725559870586039
63.521944524101407126
63.978420370847473464
64.438176504433428704
64.901236497369836798
65.367624091562063882
65.837363199527459301
66.310477905621411310
66.786992467272156659
67.266931316224699344
67.750319059793184806
68.237180482122667513
68.727540545459945065
69.221424391433274081
69.718857342341436834
70.219864902452300726
70.724472759310089032
71.232706785052641862
71.744593037737942609
72.260157762680066185
72.779427393794847490
73.302428554955397999
73.829188061356759931
74.359732920891090657
74.894090335532283120
75.432287702730661749
75.974352616817682815
76.520312870420937656
77.070196455888805076
77.624031566725875564
78.181846599038451018
78.743670152990446809
79.309531034269696192
79.879458255565168656
80.453481038054079022
81.031628812900379444
81.613931222763667961
82.200418123319053620
82.791119584787793428
83.386065893479383249
83.985287553343908939
84.588815287536363030
85.196680039991775857
85.808912977011814860
86.425545488862567822
87.046609191384391124
87.672135927612387718
88.302157769409333810
88.936707019110087913
89.575816211177667014
90.219518113871373544
90.867845730927101044
91.520832303249108008
92.178511310614581475
92.840916473390180386
93.508081754260913954
94.180041359971369275
94.856829743079941863
95.538481603724676461
96.225031891402863948
96.916515806762774332
97.612968803408534768
98.314426589717854199
99.020925130672750925
99.732500649703951012
100.449189630547564889
101.171028819115988995
101.898055225381952482
102.630306125275950535
103.367819062597448010
104.110631850940166032
104.858782575630300471
105.612309595679533913
106.371251545751761114
107.135647338143940033
107.905536164781040043
108.680957499225939955
109.461951098702655827
110.248557006135257552
111.040815552200697880
111.838767357396761781
112.642453334124610365
113.451914688786800411
114.267192923899443713
115.088329840220538358
115.915367538892994048
116.748348423603289348
117.587315202755490873
118.432310891661330743
119.283378814745134378
120.140562607765517100
121.003906220052570575
121.873453916761221194
122.749250281140689367
123.631340216820731825
124.519768950113359551
125.414582032332035055
126.315825342127112663
127.223545087838076029
128.137787809862629729
129.058600383043369675
129.986030019070454955
130.920124268902640097
131.860931025205275091
132.808498524805770558
133.762875351166655946
134.724110436877140273
135.692253066161072184
136.667352877404482570
137.649459865700379169
138.638624385412185802
139.634897152755286243
140.638329248397894844
141.648972120079264414
142.666877585248073501
143.692097833718946731
144.724685430348444015
145.764693317729950195
146.812174818908715679
147.867183640114973286
148.929773873518115579
149.999999999999971578
151.077916891948063949
152.163579816069017170
153.257044436222571449
