-3.141592653589793116
-3.134452670286179909
-3.127312686982566703
-3.120172703678953496
-3.113032720375340290
-3.105892737071727083
-3.098752753768114321
-3.091612770464501114
-3.084472787160887908
-3.077332803857274701
-3.070192820553661495
-3.063052837250048288
-3.055912853946435082
-3.048772870642821875
-3.041632887339208668
-3.034492904035595462
-3.027352920731982255
-3.020212937428369493
-3.013072954124756286
-3.005932970821143080
-2.998792987517529873
-2.991653004213916667
-2.984513020910303460
-2.977373037606690254
-2.970233054303077047
-2.963093070999463841
-2.955953087695850634
-2.948813104392237427
-2.941673121088624665
-2.934533137785011458
-2.927393154481398252
-2.920253171177785045
-2.913113187874171839
-2.905973204570558632
-2.898833221266945426
-2.891693237963332219
-2.884553254659719013
-2.877413271356105806
-2.870273288052493044
-2.863133304748879837
-2.855993321445266631
-2.848853338141653424
-2.841713354838040217
-2.834573371534427011
-2.827433388230813804
-2.820293404927200598
-2.813153421623587391
-2.806013438319974185
-2.798873455016360978
-2.791733471712747772
-2.784593488409135009
-2.777453505105521803
-2.770313521801908596
-2.763173538498295390
-2.756033555194682183
-2.748893571891068976
-2.741753588587455770
-2.734613605283842563
-2.727473621980229357
-2.720333638676616150
-2.713193655373003388
-2.706053672069390181
-2.698913688765776975
-2.691773705462163768
-2.684633722158550562
-2.677493738854937355
-2.670353755551324149
-2.663213772247710942
-2.656073788944097736
-2.648933805640484529
-2.641793822336871322
-2.634653839033258116
-2.627513855729644909
-2.620373872426032147
-2.613233889122418940
-2.606093905818805734
-2.598953922515192527
-2.591813939211579321
-2.584673955907966114
-2.577533972604352908
-2.570393989300739701
-2.563254005997126939
-2.556114022693513732
-2.548974039389900526
-2.541834056086287319
-2.534694072782674112
-2.527554089479060906
-2.520414106175447699
-2.513274122871834493
-2.506134139568221286
-2.498994156264608080
-2.491854172960994873
-2.484714189657381667
-2.477574206353768460
-2.470434223050155698
-2.463294239746542491
-2.456154256442929285
-2.449014273139316078
-2.441874289835702871
-2.434734306532089665
-2.427594323228476458
-2.420454339924863252
-2.413314356621250045
-2.406174373317637283
-2.399034390014024076
-2.391894406710410870
-2.384754423406797663
-2.377614440103184457
-2.370474456799571250
-2.363334473495958044
-2.356194490192344837
-2.349054506888731630
-2.341914523585118424
-2.334774540281505217
-2.327634556977892011
-2.320494573674278804
-2.313354590370666042
-2.306214607067052835
-2.299074623763439629
-2.291934640459826422
-2.284794657156213216
-2.277654673852600009
-2.270514690548986803
-2.263374707245373596
-2.256234723941760834
-2.249094740638147627
-2.241954757334534420
-2.234814774030921214
-2.227674790727308007
-2.220534807423694801
-2.213394824120081594
-2.206254840816468388
-2.199114857512855181
-2.191974874209241975
-2.184834890905628768
-2.177694907602015562
-2.170554924298402355
-2.163414940994789148
-2.156274957691176386
-2.149134974387563179
-2.141994991083949973
-2.134855007780336766
-2.127715024476723560
-2.120575041173110353
-2.113435057869497147
-2.106295074565884384
-2.099155091262271178
-2.092015107958657971
-2.084875124655044765
-2.077735141351431558
-2.070595158047818352
-2.063455174744205145
-2.056315191440591938
-2.049175208136978732
-2.042035224833365525
-2.034895241529752319
-2.027755258226139112
-2.020615274922525906
-2.013475291618912699
-2.006335308315299493
-1.999195325011686508
-1.992055341708073524
-1.984915358404460317
-1.977775375100847111
-1.970635391797233904
-1.963495408493620697
-1.956355425190007491
-1.949215441886394506
-1.942075458582781300
-1.934935475279168093
-1.927795491975554887
-1.920655508671941680
-1.913515525368328696
-1.906375542064715489
-1.899235558761102283
-1.892095575457489076
-1.884955592153875870
-1.877815608850262663
-1.870675625546649679
-1.863535642243036472
-1.856395658939423265
-1.849255675635810059
-1.842115692332196852
-1.834975709028583868
-1.827835725724970661
-1.820695742421357455
-1.813555759117744248
-1.806415775814131042
-1.799275792510518057
-1.792135809206904851
-1.784995825903291644
-1.777855842599678438
-1.770715859296065231
-1.763575875992452024
-1.756435892688839040
-1.749295909385225833
-1.742155926081612627
-1.735015942777999420
-1.727875959474386214
-1.720735976170773229
-1.713595992867160023
-1.706456009563546816
-1.699316026259933610
-1.692176042956320403
-1.685036059652707197
-1.677896076349094212
-1.670756093045481006
-1.663616109741867799
-1.656476126438254592
-1.649336143134641386
-1.642196159831028401
-1.635056176527415195
-1.627916193223801988
-1.620776209920188782
-1.613636226616575575
-1.606496243312962369
-1.599356260009349384
-1.592216276705736178
-1.585076293402122971
-1.577936310098509765
-1.570796326794896558
-1.563656343491283573
-1.556516360187670367
-1.549376376884057160
-1.542236393580443954
-1.535096410276830747
-1.527956426973217541
-1.520816443669604556
-1.513676460365991350
-1.506536477062378143
-1.499396493758764937
-1.492256510455151730
-1.485116527151538746
-1.477976543847925539
-1.470836560544312333
-1.463696577240699126
-1.456556593937085919
-1.449416610633472935
-1.442276627329859728
-1.435136644026246522
-1.427996660722633315
-1.420856677419020109
-1.413716694115406902
-1.406576710811793918
-1.399436727508180711
-1.392296744204567505
-1.385156760900954298
-1.378016777597341092
-1.370876794293728107
-1.363736810990114900
-1.356596827686501694
-1.349456844382888487
-1.342316861079275281
-1.335176877775662074
-1.328036894472049090
-1.320896911168435883
-1.313756927864822677
-1.306616944561209470
-1.299476961257596264
-1.292336977953983279
-1.285196994650370073
-1.278057011346756866
-1.270917028043143659
-1.263777044739530453
-1.256637061435917246
-1.249497078132304262
-1.242357094828691055
-1.235217111525077849
-1.228077128221464642
-1.220937144917851436
-1.213797161614238451
-1.206657178310625245
-1.199517195007012038
-1.192377211703398832
-1.185237228399785625
-1.178097245096172418
-1.170957261792559434
-1.163817278488946227
-1.156677295185333021
-1.149537311881719814
-1.142397328578106608
-1.135257345274493623
-1.128117361970880417
-1.120977378667267210
-1.113837395363654004
-1.106697412060040797
-1.099557428756427591
-1.092417445452814384
-1.085277462149201178
-1.078137478845588415
-1.070997495541975209
-1.063857512238362002
-1.056717528934748795
-1.049577545631135589
-1.042437562327522382
-1.035297579023909176
-1.028157595720295969
-1.021017612416682763
-1.013877629113069556
-1.006737645809456350
-0.999597662505843587
-0.992457679202230381
-0.985317695898617174
-0.978177712595003968
-0.971037729291390761
-0.963897745987777554
-0.956757762684164348
-0.949617779380551141
-0.942477796076937935
-0.935337812773324728
-0.928197829469711522
-0.921057846166098759
-0.913917862862485553
-0.906777879558872346
-0.899637896255259140
-0.892497912951645933
-0.885357929648032727
-0.878217946344419520
-0.871077963040806313
-0.863937979737193107
-0.856797996433579900
-0.849658013129966694
-0.842518029826353931
-0.835378046522740725
-0.828238063219127518
-0.821098079915514312
-0.813958096611901105
-0.806818113308287899
-0.799678130004674692
-0.792538146701061486
-0.785398163397448279
-0.778258180093835072
-0.771118196790221866
-0.763978213486609103
-0.756838230182995897
-0.749698246879382690
-0.742558263575769484
-0.735418280272156277
-0.728278296968543071
-0.721138313664929864
-0.713998330361316658
-0.706858347057703451
-0.699718363754090245
-0.692578380450477038
-0.685438397146864276
-0.678298413843251069
-0.671158430539637862
-0.664018447236024656
-0.656878463932411449
-0.649738480628798243
-0.642598497325185036
-0.635458514021571830
-0.628318530717958623
-0.621178547414345417
-0.614038564110732210
-0.606898580807119448
-0.599758597503506241
-0.592618614199893035
-0.585478630896279828
-0.578338647592666621
-0.571198664289053415
-0.564058680985440208
-0.556918697681827002
-0.549778714378213795
-0.542638731074600589
-0.535498747770987826
-0.528358764467374620
-0.521218781163761413
-0.514078797860148207
-0.506938814556535000
-0.499798831252921794
-0.492658847949308587
-0.485518864645695380
-0.478378881342082174
-0.471238898038468967
-0.464098914734855761
-0.456958931431242998
-0.449818948127629792
-0.442678964824016585
-0.435538981520403379
-0.428398998216790172
-0.421259014913176966
-0.414119031609563759
-0.406979048305950553
-0.399839065002337346
-0.392699081698724139
-0.385559098395110933
-0.378419115091498171
-0.371279131787884964
-0.364139148484271757
-0.356999165180658551
-0.349859181877045344
-0.342719198573432138
-0.335579215269818931
-0.328439231966205725
-0.321299248662592518
-0.314159265358979312
-0.307019282055366105
-0.299879298751753343
-0.292739315448140136
-0.285599332144526930
-0.278459348840913723
-0.271319365537300516
-0.264179382233687310
-0.257039398930074103
-0.249899415626460897
-0.242759432322847690
-0.235619449019234484
-0.228479465715621277
-0.221339482412008515
-0.214199499108395308
-0.207059515804782102
-0.199919532501168895
-0.192779549197555689
-0.185639565893942482
-0.178499582590329275
-0.171359599286716069
-0.164219615983102862
-0.157079632679489656
-0.149939649375876449
-0.142799666072263687
-0.135659682768650480
-0.128519699465037274
-0.121379716161424067
-0.114239732857810861
-0.107099749554197654
-0.099959766250584448
-0.092819782946971241
-0.085679799643358034
-0.078539816339744828
-0.071399833036131621
-0.064259849732518859
-0.057119866428905652
-0.049979883125292446
-0.042839899821679239
-0.035699916518066033
-0.028559933214452826
-0.021419949910839620
-0.014279966607226413
-0.007139983303613207
0.000000000000000000
0.007139983303613207
0.014279966607225969
0.021419949910839176
0.028559933214452382
0.035699916518065589
0.042839899821678795
0.049979883125292002
0.057119866428905208
0.064259849732518415
0.071399833036131621
0.078539816339744828
0.085679799643358034
0.092819782946970797
0.099959766250584003
0.107099749554197210
0.114239732857810417
0.121379716161423623
0.128519699465036830
0.135659682768650036
0.142799666072263243
0.149939649375876449
0.157079632679489656
0.164219615983102418
0.171359599286715625
0.178499582590328831
0.185639565893942038
0.192779549197555244
0.199919532501168451
0.207059515804781658
0.214199499108394864
0.221339482412008071
0.228479465715621277
0.235619449019234484
0.242759432322847246
0.249899415626460453
0.257039398930073659
0.264179382233686866
0.271319365537300072
0.278459348840913279
0.285599332144526485
0.292739315448139692
0.299879298751752899
0.307019282055366105
0.314159265358979312
0.321299248662592074
0.328439231966205281
0.335579215269818487
0.342719198573431694
0.349859181877044900
0.356999165180658107
0.364139148484271313
0.371279131787884520
0.378419115091497726
0.385559098395110933
0.392699081698724139
0.399839065002336902
0.406979048305950108
0.414119031609563315
0.421259014913176522
0.428398998216789728
0.435538981520402935
0.442678964824016141
0.449818948127629348
0.456958931431242554
0.464098914734855761
0.471238898038468967
0.478378881342081730
0.485518864645694936
0.492658847949308143
0.499798831252921349
0.506938814556534556
0.514078797860147763
0.521218781163760969
0.528358764467374176
0.535498747770987382
0.542638731074600589
0.549778714378213795
0.556918697681826558
0.564058680985439764
0.571198664289052971
0.578338647592666177
0.585478630896279384
0.592618614199892590
0.599758597503505797
0.606898580807119004
0.614038564110732210
0.621178547414345417
0.628318530717958623
0.635458514021571386
0.642598497325184592
0.649738480628797799
0.656878463932411005
0.664018447236024212
0.671158430539637418
0.678298413843250625
0.685438397146863831
0.692578380450477038
0.699718363754090245
0.706858347057703451
0.713998330361316214
0.721138313664929420
0.728278296968542627
0.735418280272155833
0.742558263575769040
0.749698246879382246
0.756838230182995453
0.763978213486608659
0.771118196790221866
0.778258180093835072
0.785398163397448279
0.792538146701061041
0.799678130004674248
0.806818113308287455
0.813958096611900661
0.821098079915513868
0.828238063219127074
0.835378046522740281
0.842518029826353487
0.849658013129966694
0.856797996433579900
0.863937979737192663
0.871077963040805869
0.878217946344419076
0.885357929648032282
0.892497912951645489
0.899637896255258696
0.906777879558871902
0.913917862862485109
0.921057846166098315
0.928197829469711522
0.935337812773324728
0.942477796076937935
0.949617779380551141
0.956757762684164348
0.963897745987777554
0.971037729291390761
0.978177712595003968
0.985317695898616286
0.992457679202229492
0.999597662505842699
1.006737645809455906
1.013877629113069112
1.021017612416682319
1.028157595720295525
1.035297579023908732
1.042437562327521938
1.049577545631135145
1.056717528934748351
1.063857512238361558
1.070997495541974764
1.078137478845587971
1.085277462149201178
1.092417445452814384
1.099557428756427591
1.106697412060040797
1.113837395363654004
1.120977378667267210
1.128117361970880417
1.135257345274493623
1.142397328578105942
1.149537311881719148
1.156677295185332355
1.163817278488945561
1.170957261792558768
1.178097245096171974
1.185237228399785181
1.192377211703398387
1.199517195007011594
1.206657178310624801
1.213797161614238007
1.220937144917851214
1.228077128221464420
1.235217111525077627
1.242357094828690833
1.249497078132304040
1.256637061435917246
1.263777044739530453
1.270917028043143659
1.278057011346756866
1.285196994650370073
1.292336977953982391
1.299476961257595597
1.306616944561208804
1.313756927864822011
1.320896911168435217
1.328036894472048424
1.335176877775661630
1.342316861079274837
1.349456844382888043
1.356596827686501250
1.363736810990114456
1.370876794293727663
1.378016777597340869
1.385156760900954076
1.392296744204567283
1.399436727508180489
1.406576710811793696
1.413716694115406902
1.420856677419020109
1.427996660722633315
1.435136644026246522
1.442276627329859728
1.449416610633472047
1.456556593937085253
1.463696577240698460
1.470836560544311666
1.477976543847924873
1.485116527151538079
1.492256510455151286
1.499396493758764493
1.506536477062377699
1.513676460365990906
1.520816443669604112
1.527956426973217319
1.535096410276830525
1.542236393580443732
1.549376376884056938
1.556516360187670145
1.563656343491283351
1.570796326794896558
1.577936310098509765
1.585076293402122971
1.592216276705736178
1.599356260009349384
1.606496243312961703
1.613636226616574909
1.620776209920188116
1.627916193223801322
1.635056176527414529
1.642196159831027735
1.649336143134640942
1.656476126438254148
1.663616109741867355
1.670756093045480561
1.677896076349093768
1.685036059652706975
1.692176042956320181
1.699316026259933388
1.706456009563546594
1.713595992867159801
1.720735976170773007
1.727875959474386214
1.735015942777999420
1.742155926081612627
1.749295909385225833
1.756435892688839040
1.763575875992451358
1.770715859296064565
1.777855842599677771
1.784995825903290978
1.792135809206904185
1.799275792510517391
1.806415775814130598
1.813555759117743804
1.820695742421357011
1.827835725724970217
1.834975709028583424
1.842115692332196630
1.849255675635809837
1.856395658939423043
1.863535642243036250
1.870675625546649457
1.877815608850262663
1.884955592153875870
1.892095575457489076
1.899235558761102283
1.906375542064715489
1.913515525368328696
1.920655508671941014
1.927795491975554221
1.934935475279167427
1.942075458582780634
1.949215441886393840
1.956355425190007047
1.963495408493620253
1.970635391797233460
1.977775375100846666
1.984915358404459873
1.992055341708073080
1.999195325011686286
2.006335308315299493
2.013475291618912699
2.020615274922525906
2.027755258226139112
2.034895241529752319
2.042035224833365525
2.049175208136978732
2.056315191440591938
2.063455174744205145
2.070595158047817463
2.077735141351430670
2.084875124655043876
2.092015107958657083
2.099155091262270290
2.106295074565883496
2.113435057869496703
2.120575041173109909
2.127715024476723116
2.134855007780336322
2.141994991083949529
2.149134974387562735
2.156274957691175942
2.163414940994789148
2.170554924298402355
2.177694907602015562
2.184834890905628768
2.191974874209241975
2.199114857512855181
2.206254840816468388
2.213394824120081594
2.220534807423694801
2.227674790727307119
2.234814774030920326
2.241954757334533532
2.249094740638146739
2.256234723941759945
2.263374707245373152
2.270514690548986358
2.277654673852599565
2.284794657156212772
2.291934640459825978
2.299074623763439185
2.306214607067052391
2.313354590370665598
2.320494573674278804
2.327634556977892011
2.334774540281505217
2.341914523585118424
2.349054506888731630
2.356194490192344837
2.363334473495958044
2.370474456799571250
2.377614440103184457
2.384754423406796775
2.391894406710409982
2.399034390014023188
2.406174373317636395
2.413314356621249601
2.420454339924862808
2.427594323228476014
2.434734306532089221
2.441874289835702427
2.449014273139315634
2.456154256442928840
2.463294239746542047
2.470434223050155254
2.477574206353768460
2.484714189657381667
2.491854172960994873
2.498994156264608080
2.506134139568221286
2.513274122871834493
2.520414106175447699
2.527554089479060906
2.534694072782674112
2.541834056086286431
2.548974039389899637
2.556114022693512844
2.563254005997126050
2.570393989300739257
2.577533972604352464
2.584673955907965670
2.591813939211578877
2.598953922515192083
2.606093905818805290
2.613233889122418496
2.620373872426031703
2.627513855729644909
2.634653839033258116
2.641793822336871322
2.648933805640484529
2.656073788944097736
2.663213772247710942
2.670353755551324149
2.677493738854937355
2.684633722158550562
2.691773705462163768
2.698913688765776087
2.706053672069389293
2.713193655373002500
2.720333638676615706
2.727473621980228913
2.734613605283842119
2.741753588587455326
2.748893571891068532
2.756033555194681739
2.763173538498294945
2.770313521801908152
2.777453505105521359
2.784593488409134565
2.791733471712747772
2.798873455016360978
2.806013438319974185
2.813153421623587391
2.820293404927200598
2.827433388230813804
2.834573371534427011
2.841713354838040217
2.848853338141652536
2.855993321445265742
2.863133304748878949
2.870273288052492155
2.877413271356105362
2.884553254659718569
2.891693237963331775
2.898833221266944982
2.905973204570558188
2.913113187874171395
2.920253171177784601
2.927393154481397808
2.934533137785011014
2.941673121088624221
2.948813104392237427
2.955953087695850634
2.963093070999463841
2.970233054303077047
2.977373037606690254
2.984513020910303460
2.991653004213916667
2.998792987517529873
3.005932970821142192
3.013072954124755398
3.020212937428368605
3.027352920731981811
3.034492904035595018
3.041632887339208224
3.048772870642821431
3.055912853946434637
3.063052837250047844
3.070192820553661051
3.077332803857274257
3.084472787160887464
3.091612770464500670
3.098752753768113877
3.105892737071727083
3.113032720375340290
3.120172703678953496
3.127312686982566703
3.134452670286179909
3.141592653589793116
